0.01333 0.01333 0.01333 0.01333 0.01333
0.01333 0.01333 0.01333 0.01333 0.01333
0.01333 0.01333 0.01333 0.01333 0.01333
0.01333 0.01333 0.01333 0.01333 0.01333
0.01333 0.01333 0.01333 0.01333 0.01333

0.01333 0.01333 0.01333 0.01333 0.01333
0.01333 0.01333 0.01333 0.01333 0.01333
0.01333 0.01333 0.01333 0.01333 0.01333
0.01333 0.01333 0.01333 0.01333 0.01333
0.01333 0.01333 0.01333 0.01333 0.01333

0.01333 0.01333 0.01333 0.01333 0.01333
0.01333 0.01333 0.01333 0.01333 0.01333
0.01333 0.01333 0.01333 0.01333 0.01333
0.01333 0.01333 0.01333 0.01333 0.01333
0.01333 0.01333 0.01333 0.01333 0.01333